{
 "cells": [
  {
   "cell_type": "code",
   "execution_count": 1,
   "metadata": {},
   "outputs": [],
   "source": [
    "data(Boston,package=\"MASS\")"
   ]
  },
  {
   "cell_type": "code",
   "execution_count": 24,
   "metadata": {},
   "outputs": [
    {
     "name": "stderr",
     "output_type": "stream",
     "text": [
      "Updating HTML index of packages in '.Library'\n",
      "Making 'packages.html' ... done\n",
      "also installing the dependency ‘raster’\n",
      "\n",
      "Warning message in install.packages(\"usdm\"):\n",
      "“installation of package ‘raster’ had non-zero exit status”Warning message in install.packages(\"usdm\"):\n",
      "“installation of package ‘usdm’ had non-zero exit status”Updating HTML index of packages in '.Library'\n",
      "Making 'packages.html' ... done\n"
     ]
    }
   ],
   "source": [
    "install.packages('rpart')\n",
    "install.packages('usdm')"
   ]
  },
  {
   "cell_type": "code",
   "execution_count": 23,
   "metadata": {},
   "outputs": [
    {
     "ename": "ERROR",
     "evalue": "Error in library(usdm): there is no package called ‘usdm’\n",
     "output_type": "error",
     "traceback": [
      "Error in library(usdm): there is no package called ‘usdm’\nTraceback:\n",
      "1. library(usdm)",
      "2. stop(txt, domain = NA)"
     ]
    }
   ],
   "source": [
    "library(moments)\n",
    "library(dplyr, warn.conflicts = FALSE)\n",
    "library(ggplot2)\n",
    "library(repr)\n",
    "library(reshape2)\n",
    "library(caret)\n",
    "library(rpart)\n",
    "library(usdm)"
   ]
  },
  {
   "cell_type": "code",
   "execution_count": 6,
   "metadata": {},
   "outputs": [
    {
     "name": "stdout",
     "output_type": "stream",
     "text": [
      "'data.frame':\t506 obs. of  14 variables:\n",
      " $ crim   : num  0.00632 0.02731 0.02729 0.03237 0.06905 ...\n",
      " $ zn     : num  18 0 0 0 0 0 12.5 12.5 12.5 12.5 ...\n",
      " $ indus  : num  2.31 7.07 7.07 2.18 2.18 2.18 7.87 7.87 7.87 7.87 ...\n",
      " $ chas   : int  0 0 0 0 0 0 0 0 0 0 ...\n",
      " $ nox    : num  0.538 0.469 0.469 0.458 0.458 0.458 0.524 0.524 0.524 0.524 ...\n",
      " $ rm     : num  6.58 6.42 7.18 7 7.15 ...\n",
      " $ age    : num  65.2 78.9 61.1 45.8 54.2 58.7 66.6 96.1 100 85.9 ...\n",
      " $ dis    : num  4.09 4.97 4.97 6.06 6.06 ...\n",
      " $ rad    : int  1 2 2 3 3 3 5 5 5 5 ...\n",
      " $ tax    : num  296 242 242 222 222 222 311 311 311 311 ...\n",
      " $ ptratio: num  15.3 17.8 17.8 18.7 18.7 18.7 15.2 15.2 15.2 15.2 ...\n",
      " $ black  : num  397 397 393 395 397 ...\n",
      " $ lstat  : num  4.98 9.14 4.03 2.94 5.33 ...\n",
      " $ medv   : num  24 21.6 34.7 33.4 36.2 28.7 22.9 27.1 16.5 18.9 ...\n"
     ]
    }
   ],
   "source": [
    "str(Boston)"
   ]
  },
  {
   "cell_type": "code",
   "execution_count": 8,
   "metadata": {},
   "outputs": [],
   "source": [
    "Boston$medv <- NULL\n",
    "Boston$chas <- NULL"
   ]
  },
  {
   "cell_type": "code",
   "execution_count": 9,
   "metadata": {},
   "outputs": [
    {
     "name": "stdout",
     "output_type": "stream",
     "text": [
      "'data.frame':\t506 obs. of  12 variables:\n",
      " $ crim   : num  0.00632 0.02731 0.02729 0.03237 0.06905 ...\n",
      " $ zn     : num  18 0 0 0 0 0 12.5 12.5 12.5 12.5 ...\n",
      " $ indus  : num  2.31 7.07 7.07 2.18 2.18 2.18 7.87 7.87 7.87 7.87 ...\n",
      " $ nox    : num  0.538 0.469 0.469 0.458 0.458 0.458 0.524 0.524 0.524 0.524 ...\n",
      " $ rm     : num  6.58 6.42 7.18 7 7.15 ...\n",
      " $ age    : num  65.2 78.9 61.1 45.8 54.2 58.7 66.6 96.1 100 85.9 ...\n",
      " $ dis    : num  4.09 4.97 4.97 6.06 6.06 ...\n",
      " $ rad    : int  1 2 2 3 3 3 5 5 5 5 ...\n",
      " $ tax    : num  296 242 242 222 222 222 311 311 311 311 ...\n",
      " $ ptratio: num  15.3 17.8 17.8 18.7 18.7 18.7 15.2 15.2 15.2 15.2 ...\n",
      " $ black  : num  397 397 393 395 397 ...\n",
      " $ lstat  : num  4.98 9.14 4.03 2.94 5.33 ...\n"
     ]
    }
   ],
   "source": [
    "str(Boston)"
   ]
  },
  {
   "cell_type": "code",
   "execution_count": 10,
   "metadata": {},
   "outputs": [],
   "source": [
    "calculate_r_2 <- function(actual, prediction) {\n",
    "    return (1 - (sum((actual-prediction)^2)/sum((actual-mean(actual))^2)))\n",
    "}\n",
    "\n",
    "calculate_r_2_for_feature <- function(data, feature) {\n",
    "    n <- nrow(data)\n",
    "    \n",
    "    train_index <- sample(seq_len(n), size = 0.8*n)\n",
    "\n",
    "    train <- data[train_index,]\n",
    "    test <- data[-train_index,]\n",
    "    \n",
    "    this_formula = paste(feature,\"~.\")\n",
    "    fit <- rpart(data=train, formula=as.formula(this_formula))\n",
    "\n",
    "    y_test <- as.vector(test[[feature]])\n",
    "    test[feature] <- NULL\n",
    "    predictions <- predict(fit, test)\n",
    "    return (calculate_r_2(y_test, predictions))\n",
    "}\n",
    "\n",
    "mean_r2_for_feature <- function (data, feature) {\n",
    "    scores = c()\n",
    "    for (i in 1:100) {\n",
    "        scores = c(scores, calculate_r_2_for_feature(data, feature))\n",
    "    }\n",
    "    \n",
    "    return (mean(scores))\n",
    "}"
   ]
  },
  {
   "cell_type": "code",
   "execution_count": 17,
   "metadata": {},
   "outputs": [
    {
     "name": "stdout",
     "output_type": "stream",
     "text": [
      "[1] \"crim:  0.492060476545281\"\n",
      "[1] \"zn:  0.827969808330751\"\n",
      "[1] \"indus:  0.884623827760367\"\n",
      "[1] \"nox:  0.778639837962156\"\n",
      "[1] \"rm:  0.340830859922233\"\n",
      "[1] \"age:  0.745894158286371\"\n",
      "[1] \"dis:  0.826385276503507\"\n",
      "[1] \"rad:  0.88838873893256\"\n",
      "[1] \"tax:  0.894497182372388\"\n",
      "[1] \"ptratio:  0.748717739194848\"\n",
      "[1] \"black:  0.296909999346987\"\n",
      "[1] \"lstat:  0.528333416613635\"\n"
     ]
    }
   ],
   "source": [
    "print(paste(\"crim: \", calculate_r_2_for_feature(Boston,'crim')))\n",
    "print(paste(\"zn: \", calculate_r_2_for_feature(Boston,'zn')))\n",
    "print(paste(\"indus: \", calculate_r_2_for_feature(Boston,'indus')))\n",
    "print(paste(\"nox: \", calculate_r_2_for_feature(Boston,'nox')))\n",
    "print(paste(\"rm: \", calculate_r_2_for_feature(Boston,'rm')))\n",
    "print(paste(\"age: \", calculate_r_2_for_feature(Boston,'age')))\n",
    "print(paste(\"dis: \", calculate_r_2_for_feature(Boston,'dis')))\n",
    "print(paste(\"rad: \", calculate_r_2_for_feature(Boston,'rad')))\n",
    "print(paste(\"tax: \", calculate_r_2_for_feature(Boston,'tax')))\n",
    "print(paste(\"ptratio: \", calculate_r_2_for_feature(Boston,'ptratio')))\n",
    "print(paste(\"black: \", calculate_r_2_for_feature(Boston,'black')))\n",
    "print(paste(\"lstat: \", calculate_r_2_for_feature(Boston,'lstat')))"
   ]
  },
  {
   "cell_type": "markdown",
   "metadata": {},
   "source": [
    "R-squared is a statistical measure of how close the data are to the fitted regression line. It is the percentage of the response variable variation that is explained by a linear model."
   ]
  },
  {
   "cell_type": "code",
   "execution_count": 19,
   "metadata": {},
   "outputs": [
    {
     "data": {
      "text/html": [
       "<table>\n",
       "<thead><tr><th></th><th scope=col>crim</th><th scope=col>zn</th><th scope=col>indus</th><th scope=col>nox</th><th scope=col>rm</th><th scope=col>age</th><th scope=col>dis</th><th scope=col>rad</th><th scope=col>tax</th><th scope=col>ptratio</th><th scope=col>black</th><th scope=col>lstat</th></tr></thead>\n",
       "<tbody>\n",
       "\t<tr><th scope=row>crim</th><td> 1.0000000</td><td>-0.2004692</td><td> 0.4065834</td><td> 0.4209717</td><td>-0.2192467</td><td> 0.3527343</td><td>-0.3796701</td><td> 0.6255051</td><td> 0.5827643</td><td> 0.2899456</td><td>-0.3850639</td><td> 0.4556215</td></tr>\n",
       "\t<tr><th scope=row>zn</th><td>-0.2004692</td><td> 1.0000000</td><td>-0.5338282</td><td>-0.5166037</td><td> 0.3119906</td><td>-0.5695373</td><td> 0.6644082</td><td>-0.3119478</td><td>-0.3145633</td><td>-0.3916785</td><td> 0.1755203</td><td>-0.4129946</td></tr>\n",
       "\t<tr><th scope=row>indus</th><td> 0.4065834</td><td>-0.5338282</td><td> 1.0000000</td><td> 0.7636514</td><td>-0.3916759</td><td> 0.6447785</td><td>-0.7080270</td><td> 0.5951293</td><td> 0.7207602</td><td> 0.3832476</td><td>-0.3569765</td><td> 0.6037997</td></tr>\n",
       "\t<tr><th scope=row>nox</th><td> 0.4209717</td><td>-0.5166037</td><td> 0.7636514</td><td> 1.0000000</td><td>-0.3021882</td><td> 0.7314701</td><td>-0.7692301</td><td> 0.6114406</td><td> 0.6680232</td><td> 0.1889327</td><td>-0.3800506</td><td> 0.5908789</td></tr>\n",
       "\t<tr><th scope=row>rm</th><td>-0.2192467</td><td> 0.3119906</td><td>-0.3916759</td><td>-0.3021882</td><td> 1.0000000</td><td>-0.2402649</td><td> 0.2052462</td><td>-0.2098467</td><td>-0.2920478</td><td>-0.3555015</td><td> 0.1280686</td><td>-0.6138083</td></tr>\n",
       "\t<tr><th scope=row>age</th><td> 0.3527343</td><td>-0.5695373</td><td> 0.6447785</td><td> 0.7314701</td><td>-0.2402649</td><td> 1.0000000</td><td>-0.7478805</td><td> 0.4560225</td><td> 0.5064556</td><td> 0.2615150</td><td>-0.2735340</td><td> 0.6023385</td></tr>\n",
       "\t<tr><th scope=row>dis</th><td>-0.3796701</td><td> 0.6644082</td><td>-0.7080270</td><td>-0.7692301</td><td> 0.2052462</td><td>-0.7478805</td><td> 1.0000000</td><td>-0.4945879</td><td>-0.5344316</td><td>-0.2324705</td><td> 0.2915117</td><td>-0.4969958</td></tr>\n",
       "\t<tr><th scope=row>rad</th><td> 0.6255051</td><td>-0.3119478</td><td> 0.5951293</td><td> 0.6114406</td><td>-0.2098467</td><td> 0.4560225</td><td>-0.4945879</td><td> 1.0000000</td><td> 0.9102282</td><td> 0.4647412</td><td>-0.4444128</td><td> 0.4886763</td></tr>\n",
       "\t<tr><th scope=row>tax</th><td> 0.5827643</td><td>-0.3145633</td><td> 0.7207602</td><td> 0.6680232</td><td>-0.2920478</td><td> 0.5064556</td><td>-0.5344316</td><td> 0.9102282</td><td> 1.0000000</td><td> 0.4608530</td><td>-0.4418080</td><td> 0.5439934</td></tr>\n",
       "\t<tr><th scope=row>ptratio</th><td> 0.2899456</td><td>-0.3916785</td><td> 0.3832476</td><td> 0.1889327</td><td>-0.3555015</td><td> 0.2615150</td><td>-0.2324705</td><td> 0.4647412</td><td> 0.4608530</td><td> 1.0000000</td><td>-0.1773833</td><td> 0.3740443</td></tr>\n",
       "\t<tr><th scope=row>black</th><td>-0.3850639</td><td> 0.1755203</td><td>-0.3569765</td><td>-0.3800506</td><td> 0.1280686</td><td>-0.2735340</td><td> 0.2915117</td><td>-0.4444128</td><td>-0.4418080</td><td>-0.1773833</td><td> 1.0000000</td><td>-0.3660869</td></tr>\n",
       "\t<tr><th scope=row>lstat</th><td> 0.4556215</td><td>-0.4129946</td><td> 0.6037997</td><td> 0.5908789</td><td>-0.6138083</td><td> 0.6023385</td><td>-0.4969958</td><td> 0.4886763</td><td> 0.5439934</td><td> 0.3740443</td><td>-0.3660869</td><td> 1.0000000</td></tr>\n",
       "</tbody>\n",
       "</table>\n"
      ],
      "text/latex": [
       "\\begin{tabular}{r|llllllllllll}\n",
       "  & crim & zn & indus & nox & rm & age & dis & rad & tax & ptratio & black & lstat\\\\\n",
       "\\hline\n",
       "\tcrim &  1.0000000 & -0.2004692 &  0.4065834 &  0.4209717 & -0.2192467 &  0.3527343 & -0.3796701 &  0.6255051 &  0.5827643 &  0.2899456 & -0.3850639 &  0.4556215\\\\\n",
       "\tzn & -0.2004692 &  1.0000000 & -0.5338282 & -0.5166037 &  0.3119906 & -0.5695373 &  0.6644082 & -0.3119478 & -0.3145633 & -0.3916785 &  0.1755203 & -0.4129946\\\\\n",
       "\tindus &  0.4065834 & -0.5338282 &  1.0000000 &  0.7636514 & -0.3916759 &  0.6447785 & -0.7080270 &  0.5951293 &  0.7207602 &  0.3832476 & -0.3569765 &  0.6037997\\\\\n",
       "\tnox &  0.4209717 & -0.5166037 &  0.7636514 &  1.0000000 & -0.3021882 &  0.7314701 & -0.7692301 &  0.6114406 &  0.6680232 &  0.1889327 & -0.3800506 &  0.5908789\\\\\n",
       "\trm & -0.2192467 &  0.3119906 & -0.3916759 & -0.3021882 &  1.0000000 & -0.2402649 &  0.2052462 & -0.2098467 & -0.2920478 & -0.3555015 &  0.1280686 & -0.6138083\\\\\n",
       "\tage &  0.3527343 & -0.5695373 &  0.6447785 &  0.7314701 & -0.2402649 &  1.0000000 & -0.7478805 &  0.4560225 &  0.5064556 &  0.2615150 & -0.2735340 &  0.6023385\\\\\n",
       "\tdis & -0.3796701 &  0.6644082 & -0.7080270 & -0.7692301 &  0.2052462 & -0.7478805 &  1.0000000 & -0.4945879 & -0.5344316 & -0.2324705 &  0.2915117 & -0.4969958\\\\\n",
       "\trad &  0.6255051 & -0.3119478 &  0.5951293 &  0.6114406 & -0.2098467 &  0.4560225 & -0.4945879 &  1.0000000 &  0.9102282 &  0.4647412 & -0.4444128 &  0.4886763\\\\\n",
       "\ttax &  0.5827643 & -0.3145633 &  0.7207602 &  0.6680232 & -0.2920478 &  0.5064556 & -0.5344316 &  0.9102282 &  1.0000000 &  0.4608530 & -0.4418080 &  0.5439934\\\\\n",
       "\tptratio &  0.2899456 & -0.3916785 &  0.3832476 &  0.1889327 & -0.3555015 &  0.2615150 & -0.2324705 &  0.4647412 &  0.4608530 &  1.0000000 & -0.1773833 &  0.3740443\\\\\n",
       "\tblack & -0.3850639 &  0.1755203 & -0.3569765 & -0.3800506 &  0.1280686 & -0.2735340 &  0.2915117 & -0.4444128 & -0.4418080 & -0.1773833 &  1.0000000 & -0.3660869\\\\\n",
       "\tlstat &  0.4556215 & -0.4129946 &  0.6037997 &  0.5908789 & -0.6138083 &  0.6023385 & -0.4969958 &  0.4886763 &  0.5439934 &  0.3740443 & -0.3660869 &  1.0000000\\\\\n",
       "\\end{tabular}\n"
      ],
      "text/markdown": [
       "\n",
       "| <!--/--> | crim | zn | indus | nox | rm | age | dis | rad | tax | ptratio | black | lstat | \n",
       "|---|---|---|---|---|---|---|---|---|---|---|---|\n",
       "| crim |  1.0000000 | -0.2004692 |  0.4065834 |  0.4209717 | -0.2192467 |  0.3527343 | -0.3796701 |  0.6255051 |  0.5827643 |  0.2899456 | -0.3850639 |  0.4556215 | \n",
       "| zn | -0.2004692 |  1.0000000 | -0.5338282 | -0.5166037 |  0.3119906 | -0.5695373 |  0.6644082 | -0.3119478 | -0.3145633 | -0.3916785 |  0.1755203 | -0.4129946 | \n",
       "| indus |  0.4065834 | -0.5338282 |  1.0000000 |  0.7636514 | -0.3916759 |  0.6447785 | -0.7080270 |  0.5951293 |  0.7207602 |  0.3832476 | -0.3569765 |  0.6037997 | \n",
       "| nox |  0.4209717 | -0.5166037 |  0.7636514 |  1.0000000 | -0.3021882 |  0.7314701 | -0.7692301 |  0.6114406 |  0.6680232 |  0.1889327 | -0.3800506 |  0.5908789 | \n",
       "| rm | -0.2192467 |  0.3119906 | -0.3916759 | -0.3021882 |  1.0000000 | -0.2402649 |  0.2052462 | -0.2098467 | -0.2920478 | -0.3555015 |  0.1280686 | -0.6138083 | \n",
       "| age |  0.3527343 | -0.5695373 |  0.6447785 |  0.7314701 | -0.2402649 |  1.0000000 | -0.7478805 |  0.4560225 |  0.5064556 |  0.2615150 | -0.2735340 |  0.6023385 | \n",
       "| dis | -0.3796701 |  0.6644082 | -0.7080270 | -0.7692301 |  0.2052462 | -0.7478805 |  1.0000000 | -0.4945879 | -0.5344316 | -0.2324705 |  0.2915117 | -0.4969958 | \n",
       "| rad |  0.6255051 | -0.3119478 |  0.5951293 |  0.6114406 | -0.2098467 |  0.4560225 | -0.4945879 |  1.0000000 |  0.9102282 |  0.4647412 | -0.4444128 |  0.4886763 | \n",
       "| tax |  0.5827643 | -0.3145633 |  0.7207602 |  0.6680232 | -0.2920478 |  0.5064556 | -0.5344316 |  0.9102282 |  1.0000000 |  0.4608530 | -0.4418080 |  0.5439934 | \n",
       "| ptratio |  0.2899456 | -0.3916785 |  0.3832476 |  0.1889327 | -0.3555015 |  0.2615150 | -0.2324705 |  0.4647412 |  0.4608530 |  1.0000000 | -0.1773833 |  0.3740443 | \n",
       "| black | -0.3850639 |  0.1755203 | -0.3569765 | -0.3800506 |  0.1280686 | -0.2735340 |  0.2915117 | -0.4444128 | -0.4418080 | -0.1773833 |  1.0000000 | -0.3660869 | \n",
       "| lstat |  0.4556215 | -0.4129946 |  0.6037997 |  0.5908789 | -0.6138083 |  0.6023385 | -0.4969958 |  0.4886763 |  0.5439934 |  0.3740443 | -0.3660869 |  1.0000000 | \n",
       "\n",
       "\n"
      ],
      "text/plain": [
       "        crim       zn         indus      nox        rm         age       \n",
       "crim     1.0000000 -0.2004692  0.4065834  0.4209717 -0.2192467  0.3527343\n",
       "zn      -0.2004692  1.0000000 -0.5338282 -0.5166037  0.3119906 -0.5695373\n",
       "indus    0.4065834 -0.5338282  1.0000000  0.7636514 -0.3916759  0.6447785\n",
       "nox      0.4209717 -0.5166037  0.7636514  1.0000000 -0.3021882  0.7314701\n",
       "rm      -0.2192467  0.3119906 -0.3916759 -0.3021882  1.0000000 -0.2402649\n",
       "age      0.3527343 -0.5695373  0.6447785  0.7314701 -0.2402649  1.0000000\n",
       "dis     -0.3796701  0.6644082 -0.7080270 -0.7692301  0.2052462 -0.7478805\n",
       "rad      0.6255051 -0.3119478  0.5951293  0.6114406 -0.2098467  0.4560225\n",
       "tax      0.5827643 -0.3145633  0.7207602  0.6680232 -0.2920478  0.5064556\n",
       "ptratio  0.2899456 -0.3916785  0.3832476  0.1889327 -0.3555015  0.2615150\n",
       "black   -0.3850639  0.1755203 -0.3569765 -0.3800506  0.1280686 -0.2735340\n",
       "lstat    0.4556215 -0.4129946  0.6037997  0.5908789 -0.6138083  0.6023385\n",
       "        dis        rad        tax        ptratio    black      lstat     \n",
       "crim    -0.3796701  0.6255051  0.5827643  0.2899456 -0.3850639  0.4556215\n",
       "zn       0.6644082 -0.3119478 -0.3145633 -0.3916785  0.1755203 -0.4129946\n",
       "indus   -0.7080270  0.5951293  0.7207602  0.3832476 -0.3569765  0.6037997\n",
       "nox     -0.7692301  0.6114406  0.6680232  0.1889327 -0.3800506  0.5908789\n",
       "rm       0.2052462 -0.2098467 -0.2920478 -0.3555015  0.1280686 -0.6138083\n",
       "age     -0.7478805  0.4560225  0.5064556  0.2615150 -0.2735340  0.6023385\n",
       "dis      1.0000000 -0.4945879 -0.5344316 -0.2324705  0.2915117 -0.4969958\n",
       "rad     -0.4945879  1.0000000  0.9102282  0.4647412 -0.4444128  0.4886763\n",
       "tax     -0.5344316  0.9102282  1.0000000  0.4608530 -0.4418080  0.5439934\n",
       "ptratio -0.2324705  0.4647412  0.4608530  1.0000000 -0.1773833  0.3740443\n",
       "black    0.2915117 -0.4444128 -0.4418080 -0.1773833  1.0000000 -0.3660869\n",
       "lstat   -0.4969958  0.4886763  0.5439934  0.3740443 -0.3660869  1.0000000"
      ]
     },
     "metadata": {},
     "output_type": "display_data"
    }
   ],
   "source": [
    "cormat <- cor(Boston)\n",
    "cormat"
   ]
  },
  {
   "cell_type": "code",
   "execution_count": 20,
   "metadata": {},
   "outputs": [
    {
     "data": {},
     "metadata": {},
     "output_type": "display_data"
    },
    {
     "data": {
      "image/png": "iVBORw0KGgoAAAANSUhEUgAAA0gAAANICAIAAAByhViMAAAACXBIWXMAABJ0AAASdAHeZh94\nAAAgAElEQVR4nOzdfVxUdf7///eZaxBQQLlSK9FCS7NcLc2Q8mI1xVKoNtI2vPpoaWr5cdNs\nV23DTNtIy9xqZf20tanfzdTKLDNXq/3oJy+i7OcVSyIpNOJgceFcnZnfH+cTH8QBBWY4x8Pj\nfuOPOYcz73md8e3Mk/f7XEh+v18AAADgymdQuwAAAAAEB8EOAABAJwh2AAAAOkGwAwAA0AmC\nHQAAgE4Q7AAAAHSCYAcAAKATBDsAAACdINgBAADoBMEOAABAJwh2AAAAOkGwAwAA0AmCHQAA\ngE4Q7AAAAHSCYAcAAKATBDsAAACdINgBAADoBMEOAABAJwh2AAAAOkGwAwAA0AmCHQAAgE4Q\n7AAAAHSCYAcAAKATBDsAAACdINgBAADoBMEOAABAJwh2AAAAOkGwAwAA0AmCHQAAgE4Q7AAA\nAHSCYAcAAKATBDsAAACdINgBAADoBMEOAABAJwh2AAAAOkGwAwAA0AmCHQAAgE4Q7AAAAHSC\nYAcAAKATBDsAAACdINgBAADoBMEOAABAJwh2AAAAOkGwAwAA0AmCHQAAgE4Q7AAAAHSCYAcA\nAKATBDsAAACdINgBAADoBMEOAABAJwh2AAAAOkGwAwAA0AmCHQAAgE4Q7AAAAHSCYAcAAKAT\nBDsAAACdINgBAADoBMEOAABAJwh2AAAAOkGwAwAA0AmCHQAAgE4Q7AAAAHSCYAcAAKATBDsA\nAACdINgBAADoBMEOAABAJwh2weFyuaqqqvx+v9qF1OX1equqqrxer9qF1OXz+aqqqlwul9qF\nBFBdXX3+/Hm1qwiAbtZYdLMmoJs1Ft0MmkKwCw63233+/Hmfz6d2IXV5vd7z589r8KPQ7/ef\nP3/e4/GoXUgATqfT6XSqXUUAdLPGUrqZ2+1Wu5AAnE6nNr9x6WaNRTeDphDsAAAAdIJgBwAA\noBMEOwAAAJ0wqV0AAAAICYvFonYJaGmM2AEAoCUPPSQkKSg/EZGREZGRwWpNPPSQ2m8NLo1g\nBwAAoBMEOwAAAJ0g2AEAAOgEwQ4AAEAnCHYAAAA6QbADAADQCYIdAACAThDsAAAAdIJgBwAA\noBMEOwAAAJ0g2AEAAOgEwQ4AAEAnCHYAAAA6QbADAADQCYIdAACAThDsAAAAdIJgBwAAoBME\nOwAAAJ3QSrCTZfnuu+8+cOCA2oUAAABcqbQS7C7pm2++KSgoaP42AAAAenXFBLtNmzYdP368\n+dsAAADolUntAgLYsWPHu+++a7fbw8PDBwwYMGnSpMWLFx86dCg/P/+TTz7Jzc0tKipas2ZN\nQUGBz+dLSUmZNm1aYmLiggULam+j9k4AAAC0NM2N2JWWlq5cuXLq1KkbNmxYtmzZ0aNHt2zZ\nkpOT06FDh8mTJyuJbenSpTExMXl5eXl5eWFhYcrKOtsAAAC0NpobsauqqvL7/ZGRkQaDISEh\n4cUXXzQY6qbP5cuXm81mq9UqhEhLS1u2bJnf75ck6ZKNu1wut9sdirK9Xq9S/OWU0ZJkWRZC\nOJ1Oj8ejdi0X8Pv9QgiPx1NRUaF2LXX5/X6/36/BwuhmjUU3awLlH5FudvmC3s0ig9JKaNTe\nR6PRGB4ermIxCEhzwS45OXnEiBFz5sy59tprb7755rS0tKSkpDrbFBYWrl+/vri4WAjh8Xhk\nWfb5fEaj8ZKNy7LscrlCUrcQQogQpcbm83q9SibQGlmWlQ9rDQppV2kOullj+Xw+zf5rarYw\nulljBbGbaTnY1d5Hs9msYiWoj+aCnSRJjz766L333rtv376vvvpqw4YNTzzxRGpqas0GJSUl\nixcvzsrKWrhwocVi2bt3b05OzmU2HhYWFhYWFoqyKysrXS5Xu3btLidftiSn01lVVdWmTRub\nzaZ2LReQZfncuXM2m61NmzZq11JXeXm5JEnt2rVTu5C66GaNpXQzq9UaERGhdi11lZeXCyGi\no6PVLqQuulljabmbBV1sbKzaJeASNBfsZFmurKyMi4sbOXLkyJEjX3vtta1bt9YOdgUFBbIs\njx07VvnQOXr06OU3HuqZBUmStDZ5odSj2cJE6P9RmkzLhWmtNrpZk2m5MK3VRjfTgtawj1c6\nzZ08sXPnzscff7ygoMDv95eXl588eVKZirVarSUlJVVVVXFxcT6f78iRIx6PZ/fu3YcPHxZC\nOByO2tuovA8AAABq0FywGzJkyLBhw5YsWZKZmTl79uz4+PiJEycKIUaMGLF169bHHnssJSUl\nIyMjJycnOzs7Pz9/wYIF3bp1mzlzpt1ur9lG7Z0AAABQgaSczoNmqqiocLlc0dHRGjwqpbKy\nMiIiQoNHpZSXl9tsNg0eleJwOCRJ0uDBT3SzxlK6mdVqjYzU3PHoyjxDTEyM2oXURTdrrOB3\ns4ceEm+9FZymgmv8ePG3v6ldBC5BcyN2AAAAaBqCHQAAgE4Q7AAAAHSCYAcAAKATBDsAAACd\nINgBAADoBMEOAABAJwh2AAAAOkGwAwAA0AmCHQAAgE4Q7AAAAHSCYAcAAKATBDsAAACdINgB\nAADoBMEOAABAJwh2AAAAOkGwAwAA0AmCHQAAgE4Q7AAAAHTCpHYBAABcwSRJslqtJlPwvk+v\nu07cd1/QWgui5GS1K8ClEewAAK1Serr48MPmN2MQIrL5rdRSuNd/tntQWwyS2KsFyU77mIoF\nAADQCYIdAACAThDsAAAAdIJgBwAAoBMEOwAAAJ0g2AEAAOgEwQ4AAEAnCHYAAAA6QbADAADQ\nCYIdAACAThDsAAAAdIJgBwAAoBMEOwAAAJ0g2AEAAOgEwQ4AAEAnCHYAAAA6QbADAADQCYId\nAACATqgQ7GRZvvvuuw8cOHCZ65vWGgAAQGvDiB0AAIBOEOwAAAB0wqTWC9vt9nnz5hUUFMTF\nxT388MO33npr7d8WFRWtWbOmoKDA5/OlpKRMmzYtMTFRCFFWVvb6669//fXXNpttwIABEydO\nNJn+bxdkWV60aJHJZHr66aeNRmNL7xIAAICqVBux27x588MPP/zmm2+mpqYuXbrUbrfX/u3S\npUtjYmLy8vLy8vLCwsJyc3OV9c8995zRaHzttdeWLl363XffrV27tvazXn75ZZfLNW/ePFId\nAABohVQbsbvjjjt69OghhLj33ns3bty4f//+X//61zW/Xb58udlstlqtQoi0tLRly5b5/f7v\nv//++PHjc+fOjY6Ojo6OfuKJJxwOR81T3n777ePHjy9dulR5VkAej8fr9YZid2RZFkI4nU6D\nQVuz28r+ut1uv9+vdi0X8Pl8QghZls+fP692LXUp75UGC6ObNRbdrAlaSTeTJMnW/FZan9o9\n1mAwNPCFC7WoFuw6deqkPDCbzTExMWVlZbV/W1hYuH79+uLiYiGEx+ORZdnn85WUlEiSFB8f\nr2yTnJycnJysfAZt3779yy+/XLJkSWRkZAMv6vF4qqurQ7I/QghNfkYr3G632+1Wu4oAPB6P\nx+NRu4oA/H5/VVWV2lUERjdrLK/XG6K/6JqPbtZYwepmBLumqd1ja8ZfoCmqBTuLxVLz2GAw\nmM3mmsWSkpLFixdnZWUtXLjQYrHs3bs3JydHCCFJkhDC7/crD2o7fvz4zTffnJeXt3z58gbm\nYa1Wa4hmaZ1Op8fjadOmjdb+xvV4PE6n02az1X6HtcDn81VVVZnNZptNc5+ulZWVkiS1adNG\n7ULqops1ltLNTCZTWFiY2rXUVVlZKYSIiIhQu5C66GZoQO3RE631EChUC3anTp3q16+fEMLr\n9Z49e7Z9+/Y1vyooKJBleezYsUoIO3r0qLI+MTHR7/cXFxdfffXVQohjx44dP358xIgRQohp\n06Z179595syZb7755oQJE+p7UaPRGKJgp/wFabFYtHZ4nzJnYTKZtPZ3lSzLVVVVRqNRa4UJ\nIaqqqiRJ0mBhdLPG0ng3E0JosDC6GRrAm699qsXt7du3FxUVeb3eTZs2+Xy+2mfFxsXF+Xy+\nI0eOeDye3bt3Hz58WAjhcDi6dOly3XXX5eXl/fjjj6dOnXr11VdPnjypPMVgMERERMyZM2fL\nli0HDx5UZ5cAAABUpc6dJ4QQmZmZq1ateuCBB3bu3Dl//vzao7spKSkZGRk5OTnZ2dn5+fkL\nFizo1q3bzJkz7Xb773//e4vFMmPGjHnz5l177bV1BuduuOGGzMzM3Nzcn376qaX3CgAAQG2S\n1s5iu0JVVFS4XK7o6GitTV44nc7KysqIiAitHcomy3J5ebnNZtPgMUYOh0OSpOjoaLULqYtu\n1lhKN7NarQ2fVqUK5aT+mJgYtQupqxV1s/R08eGHwWkqqAr3+s8WqV1EILFXi+Rb1C4Cl8KR\njwAAADpBsAMAANAJgh0AAIBOEOwAAAB0gmAHAACgEwQ7AAAAnSDYAQAA6ATBDgAAQCcIdgAA\nADpBsAMAANAJgh0AAIBOEOwAAAB0gmAHAACgEwQ7AAAAnSDYAQAA6ATBDgAAQCcIdgAAADpB\nsAMAANAJgh0AAIBOmNQuAACAS5MkyWg0SpIUtBYTEkRyctBaCx6jWVjbqF1EIEYiw5WAfyUA\nQCiNHi2czuY3YxXC2vxWanTseP6ltV5XEFsMmqtdR0V4pdpVBGJrI0R3tYvAJRDsAAChtHOn\nqKpSu4iLdOni/Fm4NBmfIr12cbpQ7SoCSUom2Gkfx9gBAADoBMEOAABAJwh2AAAAOkGwAwAA\n0AmCHQAAgE4Q7AAAAHSCYAcAAKATBDsAAACdINgBAADoBMEOAABAJwh2AAAAOkGwAwAA0AmC\nHQAAgE4Q7AAAAHSCYAcAAKATBDsAAACdINgBAADoBMEOAABAJ67IYCfL8t13352fn692IQAA\nABqiWrD75ptvCgoKmvYUg8GQk5PTtWvX0JQGAABwRVIt2G3atOn48eNNe4okSb169YqIiAhN\naQAAAFckU0hbd7vd99577/Tp0//5z3+eOXPG7/f/x3/8x6233rpgwYJDhw7l5+d/8sknf/rT\nn8aMGTNjxowNGzb06tVr1qxZRUVFa9asKSgo8Pl8KSkp06ZNS0xMrP2UF154YezYsX/84x97\n9+597ty5N95449ChQ1VVVcnJyRMmTOjRo0dIdwoAAECbQhvsjEajEOKjjz5atGhRu3btPv30\n06VLl65duzYnJ2fy5MmZmZl33XWXEMJgMGzbtm3+/PlJSUlCiKVLl6akpOTl5fl8vpUrV+bm\n5i5btqz2U2RZrnmJZ599NiIiYuXKlTab7e233168ePHrr78eFRUVsB6fz+fz+UKxp36/Xwjh\n9XqVB9qh7K/P5/N6vWrXcgHNFqbw+/0aLIxu1lhKYdr811RosDCld8myHJRuJkmSsfmtQDNq\n91hJkpRveWhKaIOdYvDgwe3atVMe/OUvf/mf//mfYcOG1dmmf//+NcfMLV++3Gw2W61WIURa\nWtqyZcv8fr8kSRe3XFhYeOzYsVWrVrVt21YIMX78+G3btu3fv//OO+8MWInT6ayurg7irtVR\nUVERusabo7q6OqQ73mRut9vtdqtdRWDnzp1Tu4TA6GaNRTdrgp9//jko7VgslsB/Z+PKVLvH\nms1m5csXmtISwS4hIUF5YDAYYmJiysrKLt4mMTGx5nFhYeH69euLi4uFEB6PR5Zln88X8M+C\nkpISSZI6deqkLFoslg4dOtjt9voqMZlMNputOftSH6VOq9UaMICqSJZlj8djNpu19neV3+93\nuVxGo9FsNqtdS10ul0sIofxpoSl0s8aimzVBcLuZydQS3zJoMbW/Q7X2/x2KlvgvV3vmVJbl\ngB8WNR+7JSUlixcvzsrKWrhwocVi2bt3b05OzuW/VsNzLhaLxWKxXH5rl6+iokKW5fDwcK11\ndKfT6fF4rFZriBJtk8my7HK5zGazBk+CcbvdkiRpsDC6WWMp3cxkMmnwX1MZRNRgYZrtZtAC\nDfZY1NESZ8WePn1aeeB2u8+ePduhQ4cGNi4oKJBleezYsUoCO3r0aAMbJyUl+f1+ZWxPCOF0\nOu12e+3BPwAAgNajJYLdzp07i4qK3G73u+++6/P5+vXrJ4SwWq0lJSVVVVV1No6Li/P5fEeO\nHPF4PLt37z58+LAQwuFwBHxKly5dunfv/te//rWiosLpdK5duzYsLKx///4tsFMAAABa0xLB\nbtSoUa+++uqDDz64Y8eOp556SjlldcSIEVu3bn3sscfqbJySkpKRkZGTk5OdnZ2fn79gwYJu\n3brNnDnTbrcHfMrcuXNNJtOjjz46efJku92+dOnS8PDwFtgpAAAArZFCet0EZVJ10aJFffr0\nCd2raEFFRYXL5YqOjtbaUSlOp7OysjIiIkKDBz+Vl5fbbDYNHrHhcDgkSYqOjla7kLroZo2l\ndDOr1RoZGal2LXUpExExMTFqF1JX8LtZRIS4aHJGfV26lP+z0FWpdhmBJHg/F6cL1a4ikKRk\ncWOq2kXgEq7Ie8UCAADgYgQ7AAAAnQj5nSe2bNkS0pcAAACAghE7AAAAnSDYAQAA6ATBDgAA\nQCcIdgAAADpBsAMAANAJgh0AAIBOEOwAAAB0gmAHAACgEwQ7AAAAnSDYAQAA6ATBDgAAQCcI\ndgAAADpBsAMAANAJgh0AAIBOEOwAAAB0gmAHAACgEya1CwAABMPUqUFpJlKIyKA0pBgzRny3\nT/h9QWwyOEwWIQlhVruMgKzRIvlGtYsIRJLUrgCXRrADAF14/XW1KwgkOVlUHhNej9p1XCSi\n7UlTt7Mn1S4jkISu34ljB9WuIpDrbhbX3qR2EbgEpmIBAAB0gmAHAACgEwQ7AAAAnSDYAQAA\n6ATBDgAAQCcIdgAAADpBsAMAANAJgh0AAIBOEOwAAAB0gmAHAACgEwQ7AAAAnSDYAQAA6ATB\nDgAAQCcIdgAAADpBsAMAANAJgh0AAIBOEOwAAAB0gmAHAACgEwQ7AAAAndB6sPvmm28KCgrU\nrgIAAOAKoPVgt2nTpuPHj6tdBQAAwBXApHYBDVmwYMGhQ4fy8/M/+eST3NzcoqKiNWvWFBQU\n+Hy+lJSUadOmJSYmfvbZZ2+88cbq1avbtWsnhPj973/fpk2befPmqV07AABAS9P0iF1OTk6H\nDh0mT56cm5srhFi6dGlMTExeXl5eXl5YWJiycvDgwTfccMMbb7whhNi1a9eJEyceeeQRlesG\nAABQg6ZH7OpYvny52Wy2Wq1CiLS0tGXLlvn9fkmSZsyYMX369C+++CIvL+/RRx9t27ZtfS1U\nV1efP38+FLX5/X4hRHl5uSRJoWi/mSorK6uqqtSuIgCXy+VyudSuoi6lX509e1btQuqimzWN\ny+Vyu91qV1GX8q8ZrG5mtVojgtIQ0KDaPdZsNkdFRalYDAK6koJdYWHh+vXri4uLhRAej0eW\nZZ/PZzQa27VrN3Xq1OXLl99+++0DBgxooAVJkgyGkAxS+nw+v99vMBi09o3r9/uVmBKiHW8O\nWZYlSdLaOyaEkGVZCKHBd4xu1gRKN9NmYSJ43UxrXQJ6VbvH0uu06YoJdiUlJYsXL87Kylq4\ncKHFYtm7d29OTk7t31qt1pKSElmWjUZjfY2EhYWFhYWForyKigqXy9W2bdsGXl0VTqezsrKy\nTZs2NptN7VouIMtyeXm5xWKJiNDcQIPD4ZAkKTo6Wu1C6qKbNVZNN4uMjFS7lrocDocQQoPd\nDGgAPVb7NPdXbH0KCgpkWR47dqzFYhFCHD16tOZXJ06cePfdd5977jm32/2Pf/xDvRoBAADU\npPVgp4zDVVVVxcXF+Xy+I0eOeDye3bt3Hz58WAjhcDhkWX7ppZfuueeerl27zpgx4//9v/93\n4sQJtasGAABQgdaD3YgRI7Zu3frYY4+lpKRkZGTk5ORkZ2fn5+cvWLCgW7duM2fOXLVqldvt\nvv/++4UQ3bt3Hzp06EsvvaQcvAIAANCqaP0Yu9GjR48ePVp5nJ2dnZ2dXfOrF1988eLtp02b\n1jKFAQAAaI3WR+wAAABwmQh2AAAAOkGwAwAA0AmCHQAAgE4Q7AAAAHSCYAcAAKATBDsAAACd\nINgBAADoBMEOAABAJwh2AAAAOkGwAwAA0AmCHQAAgE4Q7AAAAHSCYAcAAKATBDsAAACdINgB\nAADoBMEOAABAJwh2AAAAOkGwAwAA0AmT2gUAQGtksViC3OJ99wW5waC45hrRsY3w+9Wu4yJW\nWxuPMGrzO9BiE117qV1EICaz2hXg0rTZqQFAkx56SLz1VlBaighKKzVWrxan/ie4TQaHd7D4\noUR4PWrXcZGItlVmUXZS7TIC6Xm9EKUn1K4ikOSealeAS2MqFgAAQCcIdgAAADpBsAMAANAJ\ngh0AAIBOEOwAAAB0gmAHAACgEwQ7AAAAnSDYAQAA6ATBDgAAQCcIdgAAQEMWLVokXSgqKiot\nLW3jxo1ql3YF4JZiAABAc+bPn5+cnCyE8Pl8xcXFb775ZmZm5ksvvTRr1iy1S9M0gh0AANCc\nu+++u3///jWLv/vd73r16vX73/9+6tSpNptNxcI0jqlYAACgdZGRkZmZmRUVFd98842yZteu\nXcOGDYuKigoPD+/Tp09eXl7t7detW3fLLbeEh4dHRUX17dt33bp1Nb+6/fbbBw0a9MEHH3Tu\n3Pm2224TQpSUlEyZMuXqq6+22WwJCQmZmZlHjhyp2f6jjz4aNGhQZGRkWFhYz549X3zxRb/f\nr/xq0KBBqampBw8eHDJkSFRUVFxcXFZWlt1uD/nbUT9G7AAAwBUgPDxcCOHxeIQQO3bsGD58\n+MCBA//+979brdaNGzdOmjSpvLx8zpw5Qoj169dnZWWNHTt24cKFQohXXnklKysrMjJy1KhR\nQgir1VpWVjZ37tz58+dfffXVQoiMjIwTJ048++yzycnJJSUlS5cuTUtL+/7778PDwzdt2pSR\nkTF8+PC33norIiJi69atc+bMKS0tXbZsmRDCYrEcO3Zs6tSpS5YsufHGGz///PPf/OY3Vqt1\n7dq1ar1LBDsAAHAF+Oc//2kymXr27CmEmDt3bpcuXT766CMl7Q0bNuz06dOLFy+ePn26zWYr\nLCwcPHjwunXrLBaLECI1NTU2Nvadd95Rgp0kSd98883GjRvHjh0rhPj555/37Nkzb968SZMm\nKS906623btiw4dy5c+Hh4fPnz+/cufPmzZuVpoYMGVJYWPjSSy89+eSTsbGxQoji4uJ33nln\n4MCBQojMzMw77rhj+/bt6rxBQgimYgEAgAY5HI7S0tLS0tKSkpKvvvpq0qRJX3zxxZQpU9q2\nbWu32w8ePDhq1CiDweD8xciRIysqKr799lshxPz583fs2KFEMSFEVFRUQkLCyZMnaxq3WCzp\n6enK47CwMCX27dixw+fzCSG6du06f/78pKSk06dPHzlyZOTIkTVNCSFGjx7t8Xj27NmjLIaH\nhyupTtGpU6fS0tIQvzcNYcQOAABojjK6VsNkMj366KMvvviiEOL06dNCiBUrVqxYsaLOs374\n4Yd+/fr9/PPPL7zwwnvvvXfy5MmqqiohhCzLyqyron379mazWXlsNps3b9780EMPDR06NDY2\n9o477sjIyLj//vtNJtOpU6eEEB07dqz9EomJiTU1CCE6dOhQp04lHaqFYAcAADQnNze3e/fu\nQghJktq0adOzZ8927drV3mDixIlTpkyp86xu3boJIUaPHv3ll18++eSTI0aMaNeunSRJw4cP\nr71ZTapTDBw48Pjx47t27froo4+2bt06bty43Nzc3bt3S5IkhKgT1JQzJwwGjc556irY2e32\nyZMnv/zyy7VTOQAAuOL079+/9uVOarvqqquEELIsB9ygoKBg9+7dU6ZMycnJUdZ4vV6Hw9Gl\nS5cGXs5oNA4ePHjw4MHLly9fvXr1o48+umHDBiUOKuN2NZTFTp06NWm3Qk6jeRMAACCgmJiY\nW265ZdOmTefOnatZ+eabbz799NNer1c5bbZ28Fq9erXT6ZRlOWBr+/fvf+CBB2pfo+TXv/61\nEOLMmTMJCQk9e/b84IMPnE5nzW83btwYHh4+YMCAoO9XUOhqxA4AALQGy5YtGzZsWFpa2pw5\ncxISEj7//PPnn39+3LhxJpOpW7dunTt3fv3112+66abY2Nj33ntv//79d9xxx/79+3fu3HnL\nLbfUaapjx45bt249fPjwrFmzrrrqqrNnz65cuTIqKko5Z/b5558fPXr0PffcM336dIvFsmXL\nlm3btj333HNRUVFq7PelaTTY+Xy+MWPGzJgxY8OGDb169Zo1a1ZRUdGaNWsKCgp8Pl9KSsq0\nadOUoxcLCwtfffXVoqKihISE++67T+3CAQBAyKWlpX322WfPPPPMjBkznE5nly5dcnJyHn/8\ncSGE2WzeuHHjzJkzlWvXjRkzZvPmzbt3754wYUJmZmbN2aw1EhISvvjii0WLFs2fP7+8vLxD\nhw633nrrK6+80rVrVyHEyJEjt23b9swzzzz44INer/f666/Py8ubMGGCCvt8eaSaqydrzZgx\nY5KTk6dPn56UlBQWFvbII48oec7n861cudLhcCxbtszv90+ZMqVnz57Tpk2rqKh46aWXvv32\nW1WOsauoqHC5XNHR0UajsYVfumFOp7OysjIiIkJrN2CRZbm8vNxms0VERKhdS10Oh0OSpOjo\naLULqYtu1lhKN7NarZGRkcFp8aGHxFtvBaep4Fq9WvxtqdpFBPLoPGF2Cq9H7TouEtE23/wf\nZScvvWHLG3L9ZlF4SO0qAknuKVLvUbsIXIJGR+wU/fv3V/KyEGL58uVms9lqtQoh0tLSlFR3\n9OhRu93+wAMP2Gw2m802evRo5QI29XG5XG63OxSler1eIURVVZVyBo12KIcUOJ1O5ZgD7VD+\novB4PBUVFWrXUpff7/f7/RosjG7WWEHvZkGKh8CVqvZ/JaPRqFwcGJqi6WCnTLYqCgsL169f\nX1xcLITweDyyLPt8vjNnzkiSFBcXp2yTlJTUcIOyLLtcrtAVHKLU2Hxer1fJBAYVyykAACAA\nSURBVFojy3J9R7OqLqRdpTnoZo3l8/mC9a9JsEMrV/u/Up0rhkAjNB3sajpNSUnJ4sWLs7Ky\nFi5caLFY9u7dq5zDrAwP1IxeXDIihIWFhYWFhaLUyspKl8vVrl07Dc6RVVVVtWnTRoNzZOfO\nnbPZbG3atFG7lrrKy8slSapzwSQtoJs1ltLNrFarBmf8gSuRchMtaJmmg12NgoICWZbHjh2r\nfJ8dPXpUWd++fXu/32+32+Pj44UQP/zwQ8PthHoCS5Ikrc2RKfVotjAR+n+UJtNyYVqrjW4G\ntBL8V9K+K+M6dnFxcT6f78iRIx6PZ/fu3YcPHxZCOByO7t27R0ZGvvPOO5WVladOnfrwww/V\nrhQAAEA1V0awS0lJycjIyMnJyc7Ozs/PX7BgQbdu3WbOnHnu3LmFCxcWFRVlZ2cvXbr0/vvv\nF78cLg0AANDaaHcqdtOmTbUXs7Ozs7OzaxaV2wALIeLi4nJzc2vWb9mypUWqAwAAIfTjjz/m\n5uZ++OGHJ06cEEJ06tRp+PDh06dPv/baa1umgNtvv72srOzIkSONfWL//v3PnTvXhCcGhXaD\nHQAAaJ2+/PLLu++++6effho1alRWVpYQ4ptvvnn11VfXrFmzbt26UaNGqV3gBb7++uubb765\nZsLwgQceOH/+vFrFEOwAAICG/Pjjj2PGjJEk6V//+lftO4AdOXJk6NCh48aNO3r0qHLSpEZ8\n/vnntRdnz56tViXiSjnGDgAAtBIrVqwoKyt7+eWX69zXtXv37m+++eYf/vAHg+F/08tHH300\naNCgyMjIsLCwnj17vvjiizXDZrfffvugQYM++OCDzp0733bbbQHXCCF27do1bNiwqKio8PDw\nPn365OXl1VfVunXrbrnllvDw8KioqL59+65bt05ZP2LEiJkzZwohJEnq27evEKJ///7du3ev\neWIDRQ4aNCg1NfXgwYNDhgyJioqKi4vLysqy2+3NefcYsQMAABqyefPmmJgY5YTIOgYPHjx4\n8GDl8aZNmzIyMoYPH/7WW29FRERs3bp1zpw5paWly5YtE0JYrdaysrK5c+fOnz9fudHoxWt2\n7NgxfPjwgQMH/v3vf7darRs3bpw0aVJ5efmcOXPqvO769euzsrLGjh27cOFCIcQrr7yi3Ih2\n1KhRL7/88ty5czdv3vzVV19dfGXWhou0WCzHjh2bOnXqkiVLbrzxxs8///w3v/mN1Wpdu3Zt\nk989gh0AANAK5X6hgwYNuuSV2OfPn9+5c+fNmzdbLBYhxJAhQwoLC1966aUnn3wyNjZWkqRv\nvvlm48aNY8eOVba/eM3cuXO7dOny0UcfKfdGGzZs2OnTpxcvXjx9+vQ6l1svLCwcPHjwunXr\nlNdKTU2NjY195513Ro0ade2117Zv314IoQzXNapIIURxcfE777wzcOBAIURmZuYdd9yxffv2\n5ryBTMUCAACtqK6ulmU5Kiqq4c1Onz595MiRkSNHKoFJMXr0aI/Hs2fPHmXRYrGkp6fXflbt\nNXa7/eDBg6NGjTIYDM5fjBw5sqKi4uL7zs+fP3/Hjh01rxUVFZWQkHDy5MnmFxkeHq6kOkWn\nTp1KS0sbbrZhBDsAAKAV4eHhJpPJ4XA0vNmpU6eEEB07dqy9UrnF/OnTp5XF9u3b17mhbe01\nymYrVqwIq2XatGki0I2sfv755z/84Q+9evVq27atyWQymUw//PCDz+drfpEdOnSo/VuTyXTJ\nZhvGVCwAANAKSZKuv/76gwcPnj9/voHbuys3N6uTgZSTEmpOraiT6gKumThx4pQpU+qs7Nat\nW501o0eP/vLLL5988skRI0a0a9dOkqThw4dfzr5cssigI9gBAAANycjIWLRo0WuvvXbxdUP+\n+7//e8KECWvXrr3mmmvEL0NiNZTFTp06Xc6rXHXVVUIIWZb79+/f8JYFBQW7d++eMmVKTk6O\nssbr9Tocji5dujT8RKWS5hTZBEzFAgAADZkxY0ZCQsJTTz1V5xbw+fn59957r8PhuO666xIS\nEnr27PnBBx84nc6aDTZu3BgeHj5gwIDLeZWYmJhbbrll06ZN586dq1n55ptvPv30016vt/aW\nHo9HXBjFVq9e7XQ6ZVlWFpWRuTrPEkI0v8gmYMQOAABoSGxs7JYtW0aNGpWenj5kyJDU1FSj\n0fj1119v2rSpffv2H3/8cUxMjBDi+eefHz169D333DN9+nSLxbJly5Zt27Y999xzlzzxosay\nZcuGDRuWlpY2Z86chISEzz///Pnnnx83bpzJdEE66tatW+fOnV9//fWbbropNjb2vffe279/\n/x133LF///6dO3fecsstSUlJQoglS5bccMMNmZmZtZ/b/CIbixE7AACgLf369Tt8+PC8efN+\n/PHH5cuXL1u2rKCg4Kmnnjp06NDNN9+sbDNy5Mht27ZVV1c/+OCDY8aM2bNnT15e3rx58y7/\nVdLS0j777LP4+PgZM2akp6dv2LAhJyfnjTfeqLOZ2WzeuHHjVVddlZWVlZmZWVlZuXnz5jlz\n5lit1szMzFOnTk2ZMuXmm29+9tlnFyxYUOe5zS+ysaSayx+jOSoqKlwuV3R09CWvu9PCnE5n\nZWVlREREnUvyqE6W5fLycpvNFhERoXYtdTkcDkmSoqOj1S6kLrpZYyndzGq1RkZGBqfFhx4S\nb70VnKaCa/Vq8belahcRyKPzhNkpvB6167hIRNt883+UXeJqFeoYcv1mUXhI7SoCSe4pUu9R\nuwhcAiN2AAAAOkGwAwAA0AmCHQAAgE4Q7AAAAHSCYAcAAKATBDsAANB6HT16tH///nWuXVdb\neXn5+PHjO3bsGBsbm56efuLEiRasrtG4QDEA3ZIkyWq1NvB53WjXXSfuuy9orQXRDTeIwaPU\nLiKQbj2EXCl8stp1XCSsTVujMGjzOzAqVlzTQ+0iAolskYtA3XOPKC8PcptxceIf/wj4m/Xr\n1z/++OPDhg3bt29ffc/Ozs52OBxbt24NDw9fuHBhenp6fn6+1i47VUObnRpA65aeLi68lVDT\nGIQI0vXr/tfXH/pPhQe1xSDpGSX2WVPVriKAnrKwmoXfd+ktW5jJKK6xfSUi7WoXEsDBU6NO\nHVa7iEA69hA33xT6l/nv/xZnzgS5zfpvzOpyufbs2XPgwIG333474AbFxcXvv//+gQMHevfu\nLYRYtWpVXFzczp07hw4dGuQig4SpWAAA0Er99re/veqqqxrYYN++fTabTUl1Qojo6OgePXrs\n3bu3RaprCkbsAACAZkyeLHy1xnjPnhV/+UujG5k2TbRt+3+LzZg2PXPmTExMjCRJNWs6dOhg\nt2txrFdBsAMAAJrx2Xbx00//t+jxCGvjY9mnH4vaB9e2b9+cimqnuvrWaAfBDgAAaMbZH0VZ\n2QVrwiyNbqSs9IJFg7/J5cTHx5eVlfn9/powZ7fb4+Pjm9xgqBHsAACAZthMIizY4cTW9Ab7\n9evncrn279/ft29fIURZWdnhw4cHDhwYvOKCjGAHAAA0w2YWYeZgt1lv2iktLfV6vWfPnhVC\n/PDDD0KIdu3aRURErFmzprKyctasWUlJSRkZGVOnTs3LywsLC5s9e3afPn1SU7V4ErqCYAcA\nADTDZmrJYNe/f/+ioiLlcefOnYUQubm5s2fP3r59e1lZ2axZs4QQeXl5M2fOvOuuuzweT2pq\n6ubNmznGDgAA4DKEmYUz6MGu3gbru43EunXrah5HRUWtXbs2yCWFDMEOAABoRsuO2OlPK9pV\nAACgdWaTMAc7nAS9QQ1rRbsKAAC0zmgUpmDfhlWr93UNBYIdAADQDJPxgmsLB6vNVoNgBwAA\nNMPEiF2zEOwAAIBmGE2M2DUHwQ4AAGiG2SjMwc5hBDsAAAAVhOQYu1aUdlrRrgIAAK0zGIN/\nSJzREOQGNYxgBwAANMMUgmPsjK0o7VxhGdZut999991FRUWyLN999935+flqVwQAAILHaBBG\nY/B/Wo0rNcMaDIacnJwuXbqoXQgAAAieUJwVS7DTPkmSevXqpXYVAAAgqEIxwEaw05TCwsJX\nX321qKgoISHhvvvuU1bKsjx27Ng//vGPvXv33rFjx7vvvmu328PDwwcMGDBp0iSLxaJuzQAA\noCm480TzaD3Y+f3+JUuW9OzZ89lnn62oqHjppZfqbFBaWrpy5cpnnnmmV69edrt96dKlW7Zs\nuffee1WpFgAANEsoRuwMBDvNOHr0qN1uf+CBB2w2m81mGz169Lffflt7g6qqKr/fHxkZaTAY\nEhISXnzxRYOh3jNCPB6P1+sNRZ2yLAshnE5nA6+uCmV/3W633+9Xu5YL+Hw+IYQsy+fPn1e7\nlrqU90qDhbWSbiZJkq35rQAIgdofjAaDwWq1Bv81DKbgn8Tams6K1fqunjlzRpKkuLg4ZTEp\nKanOBsnJySNGjJgzZ86111578803p6WlXbxNDY/HU11dHbpqNRgFFG632+12q11FAB6Px+Px\nqF1FAH6/v6qqSu0qAtN9NyPYAZpV+4PRbDaHJNiF4l6xJm39MRxSWg92yre+JEnKojJiUZsk\nSY8++ui99967b9++r776asOGDU888URqamrA1qxWqzE0R1A6nU6Px9OmTRutDaV4PB6n02mz\n2cxms9q1XMDn81VVVZnNZptNc1/ilZWVkiS1adNG7ULqopsBUFdkZGTN41B9EBmNwR9gM2g9\n7QSR1ne1ffv2fr/fbrfHx8cLIX744Yc6G8iyXFlZGRcXN3LkyJEjR7722mtbt26tL9gZjcYQ\nBTtloMJisYSo/SZTpsZMJlNI/q5qBlmWq6qqjEaj1goTQlRVVUmSpMHC6GYA1NUS/8e580Tz\naH1Xu3fvHhkZ+c4771RWVp46derDDz+ss8HOnTsff/zxgoICv99fXl5+8uTJBqZiAQCAphlN\nIflpNbS+qxaLZeHChatXr87Ozk5MTJwwYcKiRYtqH6A9ZMiQM2fOLFmy5Ny5c5GRkb/61a8m\nTpyoYsEAAKDpOCu2ebQe7IQQ1113XW5ubs3ili1b6jzIysrKyspSoTIAABBcXMeuea6AYAcA\nAFqLkBxj14qCndaPsQMAAK2IMhUb3J/6p2LLy8vHjx/fsWPH2NjY9PT0EydOXLxN7969pVoi\nIiJCuPvN1qxgV1xc/MEHHwSrFAAA0NoplzsJ8k+9wS47O7uoqGjr1q179uyJiopKT0+/+MJq\nDodj5cqVxb84duxYiN+CZmnWVOzHH388ZcoUrd3SAAAAXKlCcfJEPQ0WFxe///77Bw4c6N27\ntxBi1apVcXFxO3fuHDp0aO3NHA5H165dO3XqFOSqQoOpWAAAoBmGUEzFBk47+/bts9lsSqoT\nQkRHR/fo0WPv3r21t3G5XNXV1Rs3buzTp8/VV1+dmZl5BY/YffHFFw0/uaCgIKjFAACA1i3x\nGuGtdatJr0fYixvdSPxVF1y7zhL4uspnzpyJiYmpubuVEKJDhw52u732Nj///HN8fLzb7f7z\nn//s9/sXL148aNCgI0eOtGvXrtFVtYiGgl19928AAAAICVuYkC3/t+hxNWVm1hYmTLUaMdV7\nt8PaqS7gmg4dOpSWltYsrl+/PjEx8d133500aVKjq2oRDQW7Pn362O32hQsX1rfBF1988V//\n9V8hqAoAALRKpUXCWX3BmibcN6LkxAWL4ZEBt4qPjy8rK/P7/TVhruYWpvWJjIy86qqriosb\nP4jYUhp6s95+++0+ffp4vd5p06bVtw3BDgAABI0hBHcAq6fBfv36uVyu/fv39+3bVwhRVlZ2\n+PDhgQMH1t7m0KFDK1asWLVqlcViEUJUVlaePHmya9euQa4weBo6eaJ79+5/+tOfHn/88W+/\n/bbFCgIAAK2X0RCSS9kFkpSUlJGRMXXq1Pz8/GPHjv32t7/t06ePchzamjVrVqxYIYRITEx8\n7733pkyZUlhYePTo0YcffjgmJiYzM7NF35PGuMRZsY888shnn30WHh4e8Lfdu3fX7BwzAAC4\n8gT/InamBi5QnJeX16tXr7vuumvgwIE2m23z5s3KtOz27dvff/99IURsbOynn3566tQpJfN5\nvd5du3bVl4u04NKjnQMGDKjvV7fffvvtt98e1HoAAEArZmy5qVghRFRU1Nq1ay9ev27duprH\nN91006effhrkkkLmsq5jd9ttt23dujXUpQAAgNbOEIqp2FZ01d7L2tXi4uIjR46EuhQAANDa\nGUzB/5GCPQSoYZe1q6tWrZo3b15ycvKoUaPM5novBgMAANAsLXhLMV26rGD3wgsvmEymsWPH\nWiyW9u3b18l2J06cCElpAACgtQnJMXYEuwv5fL4OHToMGTIk1NUAAIBWTbncSXDVf1as/lxW\nsKvvprGVlZUlJSVBrQcAALRiBpMwykFukxG7y7R3797777//7NmzwaoGAAC0akaj8HGMXdNd\nbrD78MMP33nnnZMnT/p8PmWNLMvfffed1WoNWW0ArgySJBmNxovvpd10CQkiOTlorQWPySrC\n26pdRCAWm2gTrXYRgVjChdkgfvne0BCTVQiLVVi1eJlZs1a7mbllvvCNRuEL9jF2Bs6KvdC6\ndeuysrJMJlNCQsIPP/yQlJTkcDicTuedd975n//5n6EuEUCopKcLl6v5zViFCOYHfqdOBx/6\n65m0ILYYNL++Ol/E/qR2FYG0vy7xlkNqFxFI4nVC9gq/BpOd+Sf/jW61qwiop/S5MJapXUUg\nUdFC3BHyVwnJiF0ruo7d5Z4VO2LEiA0bNkRGRppMpo8//rh79+6rV6/euHGjcks1AFeknTtF\ndbXaRVwkOfn/u1Yc2692GYH8+tpT4sRhtasIJKKt+PZLtYsIxBomfB7hC/YhU81nsVX4r67S\n5JFEHar+Lb77H7WrCOSGW1riVQwmYQz2XwJBP81Wwy4rwx47dmzGjBmRkZHKot/vN5lMjz32\n2E033TR//vxQlgcAAFqTkFyguBUdY3dZwc7j8Rh/OfCwTZs2586dUx5nZma+9957oSoNAAC0\nNsZQ3FKMYHehHj16rFmzxu12CyE6d+788ccfK+sdDsdPP2nycBMAAHAlUi5QHPSfVuOydvWJ\nJ5546KGHysvLP/3004yMjCVLltjt9k6dOr3++uu9e/cOdYkAAKC1MJiE0R/kNlvTiF1Dwc7t\ndlssFiHE+PHjTSaTcuuwefPm7dmz54033hBCdO7cecWKFS1SJwAAaAUMBuEPdg5rTcfYNRTs\nOnXq9PDDD0+ePDklJeWBBx5QVoaHh3/yyScFBQUej6dbt2517hsLAADQdKGYNm1NI3YNHWMX\nExPzwgsvdO/ePS0t7a233nI6nTW/6tatW48ePUh1AAAgmDjGrnkaCnZHjhz517/+NWXKlK+/\n/vqhhx5KSkqaNWvWoUOavAYmAADQAYMx+KmuNd154hJnxQ4YMOD1118vLS3929/+dvPNN7/8\n8su9evUaMGDAX//616qqqpYpEQAAtBahuI6dganYC4WFhY0fP37Hjh3ff//94sWL7Xb7xIkT\nk5KSHnnkkQMHDoS6RAAA0FqE4iJ2HGNXn6uvvvoPf/hDQUHB559/PmHChHXr1v3qV78KUWUA\nAKDVMYZiKrYVBbumzDoXFRV9/vnnX3zxxblz59q2bRv0mgAAQCtlNAkp2PeKJdgFdP78+ffe\ney8vL++zzz7z+/233XbbX//61/vvvz90xQEAgNZFMglD0INd4+Ynr2iXtatfffXVI488kpiY\nOG7cuIMHD86cOfO777778ssvs7Ozw8PDQ10iAABoLVr2GLvy8vLx48d37NgxNjY2PT1duRdD\nE7bRjoZG7M6cOfO3v/0tLy/vu+++E0LccccdU6ZMyczMtFqtLVUeAABoTYxG4Q/2AJtUb4PZ\n2dkOh2Pr1q3h4eELFy5MT0/Pz883XhgEL2cb7Wgo2HXs2NHj8cTFxc2dO3fKlCnXXntti5UF\nAABaI6NJ+IN9r1hJCri6uLj4/fffP3DggHLj+1WrVsXFxe3cuXPo0KGN2kZTGgp2d95555Qp\nU+655x7uMAEAAFqCwSRECwW7ffv22Ww2JbEJIaKjo3v06LF3797aoe1yttGUhoLdxx9/3GJ1\nAAAAtOQZrGfOnImJiZFqxb4OHTrY7fbGbqMpregmGwAAQOP8BmPt8bUmz8rWaSTwkJ0Q0kWD\neU1box0EOwAAoBU+bwgalYQxUN6Jj48vKyvz+/01Qc1ut8fHxzd2G01pRVd2AQAAGufzCZ8c\n5B+/HPi1+vXr53K59u/fryyWlZUdPnx44MCBjd1GUzQ3YldUVLRmzZqCggKfz5eSkjJt2rTE\nxEQhxPfff5+bm3v69OnOnTtPnDhxwYIFK1euvOaaa8rLy//yl78cOnSourq6W7dukydP7tq1\nq9o7AQAAmsLvDc1JsYEu1JaUlJSRkTF16tS8vLywsLDZs2f36dMnNTVVCLFmzZrKyspZs2Y1\nsI02aS7YLV26NCUlJS8vz+fzrVy5Mjc3d9myZX6//49//GPPnj2XLl1qt9tXrlwpfpnhzsnJ\niY+Pf+WVV6xW64YNGxYtWrRmzRqLxRKwcZ/P5/MF+3rWQggh/H6/EMLr9fqD3h+bR9lfn8/n\n9YZidLvpNFuYwu/3a7Cw4HYzSZI0ehUmAFpV+4NRkqRQXMvNJ4cg2NU/PZmXlzdz5sy77rrL\n4/GkpqZu3rxZSRfbt28vKyubNWtWA9tok+aC3fLly81ms3IN5LS0NCXVHT16tKysbNy4ceHh\n4ddcc83IkSOVbPfvf//72LFjCxYsiIyMFEKMGzfuww8/3Lt3b31R2ul0VldXh674ioqK0DXe\nHNXV1SHd8SZzu91ut1vtKgI7d+6c2iUEFqxuZrFYooLSEIBWo/YHo9lsDsX94n2y8Ad7BKaB\nYBcVFbV27dqL169bt+6S22iT5oJdYWHh+vXri4uLhRAej0eWZZ/Pd+bMGYPBEBcXp2xTM9l6\n+vRpIcTDDz9cu4Uff/yxvsZNJpPNZgtF2UqpVqtVaylelmWPx2M2m7V2jWy/3+9yuYxGowav\nkuhyuYQQGrzDSnC7mcmkuf/+ADSu9ndoiL5WQhLstDWXFlra+mQvKSlZvHhxVlbWwoULLRbL\n3r17c3JyhBB+v99oNNZ8mRl+uZuvMuX6j3/8o7651zosFstlbtlYFRUVsiyHh4drLT85nU6P\nx2O1WkOUaJtMlmWXy2U2myMiItSupS632y1JkgYL02w3A9BKtMAHo88b/GDXgpfGU5+2zoot\nKCiQZXns2LFK/Dp69KiyPjo62uPxOBwOZfHf//638iApKUkI8f3339e0UFpa2qIVAwCA4An6\nKbHKT+uhrWAXFxfn8/mOHDni8Xh27959+PBhIYTD4ejRo0dUVNSGDRvcbndxcfG2bduU7Tt3\n7nzjjTeuWbPmzJkzsix/9NFHjz32WE3+AwAAVxZ/CC53EprTJjVKW8EuJSUlIyMjJycnOzs7\nPz9/wYIF3bp1mzlzpsPhmDdv3nfffTd+/PhVq1aNGzdO/DIhO2fOnPbt2z/22GMPPvjgzp07\nFy1aFBMTo/Z+AACApvB5Q/LTemjrGDshRHZ2dnZ2ds3iiy++qDyIjY3Nzc1VDvc+cuSIskYI\nER0d/bvf/U6FQgEAQLCFYuZUY6c1hpbmgl1Afr//0Ucfvf766ydPnux2u9etW3fDDTeEh4er\nXRcAAAimkAQ7bU1PhtaVEewkSZo/f/5f/vKXCRMmWCyWG264YcaMGWoXBQAAgkyWQzBzyoid\nBl1zzTXPPvus2lUAAIAQYsSuma6YYAcAAHTPH4JzHQwEOwAAgJbn8wV/xK5VXceOYAcAALQi\nFFOxBDsAAAAVhOKyc77WdEsxgh0AANAKWRZysAfYDIzYAQAAtDx/KI6xa023FCPYAQAArQjJ\nVCy3FAMAAGh5nDzRTAQ7AACgFbIvBMfYMRULAADQ8kIxFetnKhYAAKDlMRXbTAQ7AACgFT6v\nkIM9wBb0uV0tI9gBAACt4JZizUSwAwAAWhGKqVh/azp5wqB2AQAAAP9L9obk5zKVl5ePHz++\nY8eOsbGx6enpJ06cuHib3r17S7VEREQEcfebj2AHAAC0QhmxC/rPZcrOzi4q